putHole -0.34765196 0.0 -5.8375387
Terrain -6.5 -9.0 13.0 18.0
Ball 0.0 0.0 0.0 1.0 -0.36427402 0.0 7.0739717
cube 0.0 88.0 0.0 0.26500082 2.8724308 0.0 -0.15689945
bar 0.0 270.0 0.0 0.33000064 -1.4938446 -9.536743E-7 7.8850646
bar 0.0 88.0 0.0 0.34500062 0.9018736 0.0 7.8333797
bar 0.0 89.0 0.0 0.3750006 -1.4820192 -9.536743E-7 5.7155457
bar 0.0 89.0 0.0 0.3700006 0.9730014 0.0 5.6725445
slope 0.0 269.0 0.0 0.72000027 0.3894472 -9.536743E-7 0.18783092
bar 0.0 0.0 0.0 0.41500056 2.0758035 9.536743E-7 4.2936153
bar 0.0 0.0 0.0 0.39500058 1.5612245 0.0 2.1353726
bar 0.0 79.0 0.0 0.45000052 -1.2047437 0.0 3.1865435
cube 0.0 0.0 0.0 1.0 -1.7395502 0.0 0.62371445
cube 0.0 -0.3 0.0 0.95500004 1.3499392 0.0 0.7483587
bar 0.0 89.0 0.0 1.3399997 -4.772518 -4.7683716E-7 -3.3904743
bar 0.0 -0.0 0.0 1.3849996 -1.2100787 0.0 -8.115503
bar 0.0 0.0 0.0 0.3950007 4.5339427 -9.536743E-7 4.2771006
bar 0.0 86.0 0.0 0.42000055 5.5923634 0.0 2.744029
bar 0.0 91.00006 0.0 0.3650006 2.9282436 0.0 1.2514324
bar 0.0 87.0 0.0 0.40000057 5.770436 0.0 0.229846
bar 0.0 130.0 0.0 0.42500055 5.0514345 0.0 -2.1688137
bar 0.0 133.0 0.0 0.4750005 3.2164612 -9.536743E-7 -4.2467365
bar 0.0 309.5984 0.0 0.39500058 1.4585176 -9.536743E-7 -6.231765
cube 0.0 48.0 0.0 1.3099997 4.152766 -1.9073486E-6 -5.921171
cube 0.0 90.00015 0.0 2.2300043 3.4989557 0.0 6.7477603
cube 0.0 91.200165 0.0 0.29500067 0.21281624 -4.7683716E-7 -7.0849104
