putHole -1.0 0.0 0.0
Terrain -25.0 -8.0 50.0 16.0
Ball 0.0 0.0 0.0 1.0 -8.048893 0.0 7.2063093
Ball 0.0 0.0 0.0 1.0 8.790664 0.0 -7.746254
Ball 0.0 0.0 0.0 1.0 -9.582113 0.0 2.3594952
Ball 0.0 0.0 0.0 1.0 -3.3117528 0.0 3.1912584
Ball 0.0 0.0 0.0 1.0 5.5579967 0.0 -2.8847523
cube 0.0 0.0 0.0 1.0 -3.4883313 -9.536743E-7 -4.532013
bar 0.0 0.0 0.0 1.0 0.98374516 0.0 -4.0624657
slope 0.0 0.0 0.0 1.0 -4.480744 -9.536743E-7 -1.6100388
bar 0.0 0.0 0.0 1.0 3.027216 -9.536743E-7 1.5787134
bar 0.0 0.0 0.0 1.0 -2.55562 0.0 4.6731224
slope 0.0 0.0 0.0 1.0 10.747823 -1.9073486E-6 -1.4517803
cube 0.0 0.0 0.0 1.0 -7.5374084 0.0 -4.452503
cube 0.0 0.0 0.0 1.0 5.515903 0.0 4.299642
cube 0.0 0.0 0.0 1.0 -7.502911 -1.9073486E-6 0.51446915
cube 0.0 0.0 0.0 1.0 -20.844278 0.0 0.13223076
mud 0.0 0.0 0.0 1.0 8.0 -0.5975334 0.0 -0.46037737 0.118112594 0.008 -1.1496586 -3.9746664 0.008 2.9060676 3.8565538 0.008 -1.756409
mud 0.0 0.0 0.0 1.0 8.0 1.754386 0.0 3.0662205 -2.6825964 0.007999047 -0.5382073 0.22861731 0.007999047 0.89392257 2.453979 0.008 -0.35571504
sand 0.0 0.0 0.0 1.0 16.0 -2.7813587 0.0 1.394668 1.5207947 0.007999047 1.7083231 1.3769219 0.008 -0.045947433 -2.897716 0.008 -1.6623758
