putHole -8.898673 0.0 -8.672724
Terrain -10.0 -10.0 20.0 20.0
Ball 0.0 0.0 0.0 1.0 -5.3554835 0.0 8.444905
bar 0.0 -1.7999992 0.0 0.65000033 -7.8521643 -9.536743E-7 -6.5907784
bar 0.0 179.70107 0.0 0.6850003 -3.8296278 0.0 -6.4676514
bar 0.0 0.0 0.0 0.6950003 0.3222121 0.0 -6.4370995
cube 0.0 174.30101 0.0 0.6000004 -7.581186 -9.536743E-7 -3.4822807
cube 0.0 356.69775 0.0 0.62500036 -6.3328323 -9.536743E-7 -3.354145
slope 0.0 -144.60071 0.0 0.5550004 -6.2165327 0.0 0.97140884
bar 0.0 178.50105 0.0 0.53500044 -5.6172786 0.0 6.810118
bar 0.0 89.70015 0.0 0.4900005 -1.3551178 -9.536743E-7 8.382332
bar 0.0 92.100174 0.0 0.5750004 -4.351245 0.0 4.797326
bar 0.0 91.80017 0.0 0.6550003 -4.496096 -9.536743E-7 1.0599654
bar 0.0 92.100174 0.0 0.64500034 -4.6350064 0.0 -2.9686584
cube 0.0 0.0 0.0 0.53000045 -4.945557 0.0 -5.5731697
bar 0.0 0.0 0.0 0.5550004 -2.3801043 -9.536743E-7 4.4914007
bar 0.0 -0.8999998 0.0 0.5800004 1.0557299 0.0 4.51834
bar 0.0 88.200134 0.0 0.54000044 2.4883513 -9.536743E-7 6.4862556
bar 0.0 -90.90016 0.0 0.49500048 0.40292445 -9.536743E-7 8.36586
bar 0.0 5.00679E-6 0.0 0.49500048 2.135248 0.0 9.4551735
bar 0.0 47.699932 0.0 0.5950004 5.100999 -9.536743E-7 8.103806
bar 0.0 136.20062 0.0 0.5000005 5.722251 0.0 5.7364273
bar 0.0 53.099915 0.0 0.5550004 5.2464023 -9.536743E-7 3.3428955
cube 0.0 52.799915 0.0 0.9200001 6.396129 0.0 0.6365833
bar 0.0 0.0 0.0 0.5900004 -2.353358 0.0 1.6675301
bar 0.0 1.5 0.0 0.5650004 1.1439404 0.0 1.6544056
bar 0.0 86.400116 0.0 0.6000004 2.7202797 0.0 -0.604578
bar 0.0 139.20065 0.0 0.6550003 6.534034 -4.7683716E-7 -1.194808
bar 0.0 51.899918 0.0 0.6100004 5.699136 9.536743E-7 -3.83313
cube 0.0 0.0 0.0 1.4999995 8.081931 -9.536743E-7 -7.1943636
cube 0.0 0.0 0.0 0.61500037 -0.49526656 0.0 9.238869
slope 0.0 -51.899918 0.0 0.64500034 -0.4010973 -1.9073486E-6 -2.477356
