putHole 9.01247 0.0 -1.0393066
Terrain -10.0 -4.0 20.0 8.0
Ball 0.0 0.0 0.0 1.0 -9.164416 0.0 2.5305882
bar 0.0 0.0 0.0 0.46000051 -8.239896 0.0 3.307684
bar 0.0 0.0 0.0 0.46000051 -5.4320574 0.0 3.3297834
bar 0.0 0.0 0.0 0.46000051 -2.666345 -9.536743E-7 3.3304138
bar 0.0 89.0 0.0 0.5800004 -0.9601877 0.0 1.8461027
bar 0.0 0.0 0.0 0.53500044 -8.324118 -1.9073486E-6 1.5957851
bar 0.0 0.0 0.0 0.5500004 -5.049699 0.0 1.6051645
bar 0.0 92.0 0.0 0.53500044 -3.802606 -9.536743E-7 -0.33915424
bar 0.0 0.0 0.0 0.5950004 1.1584885 -9.536743E-7 0.46337032
bar 0.0 0.0 0.0 0.62500036 -2.2845454 -9.536743E-7 -2.3204212
cube 0.0 0.0 0.0 0.85000014 0.45773613 -9.536743E-7 -2.8515034
cube 0.0 0.0 0.0 0.8650001 2.1911402 0.0 -2.8698797
bar 0.0 0.0 0.0 0.5800004 4.7035146 0.0 0.4652462
bar 0.0 0.0 0.0 0.62500036 4.946594 -9.536743E-7 -2.2711382
bar 0.0 0.0 0.0 0.52000046 8.04157 -1.9073486E-6 0.45138454
bar 0.0 0.0 0.0 0.5050005 8.37347 -9.536743E-7 -2.302744
cube 0.0 0.0 0.0 1.0 8.36817 0.0 2.7604265
